2023  196   0    428
2023  196   1    419
2023  196   2    400
2023  196   3    387
2023  196   4    378
2023  196   5    376
2023  196   6    392
2023  196   7    386
2023  196   8    386
2023  196   9    360
2023  196  10    410
2023  196  11    486
2023  196  12    476
2023  196  13    491
2023  196  14    528
2023  196  15    561
2023  196  16    570
2023  196  17    587
2023  196  18    591
2023  196  19    586
2023  196  20    590
2023  196  21    580
2023  196  22    588
2023  196  23    586
2023  197   0    578
2023  197   1    573
2023  197   2    567
2023  197   3    565
2023  197   4    565
2023  197   5    581
2023  197   6    576
2023  197   7    585
2023  197   8    587
2023  197   9    604
2023  197  10    608
2023  197  11    596
2023  197  12    596
2023  197  13    598
2023  197  14    593
2023  197  15    592
2023  197  16    589
2023  197  17    602
2023  197  18    513
2023  197  19    468
2023  197  20    470
2023  197  21    442
2023  197  22    441
2023  197  23    527
2023  198   0    480
2023  198   1    641
2023  198   2    656
2023  198   3    637
2023  198   4    534
2023  198   5    467
2023  198   6    463
2023  198   7    468
2023  198   8    481
2023  198   9    469
2023  198  10    490
2023  198  11    481
2023  198  12    480
2023  198  13    493
2023  198  14    497
2023  198  15    495
2023  198  16    492
2023  198  17    502
2023  198  18    564
2023  198  19    548
2023  198  20    528
2023  198  21    538
2023  198  22    539
2023  198  23    539
2023  199   0    525
2023  199   1    530
2023  199   2    525
2023  199   3    523
2023  199   4    522
2023  199   5    524
2023  199   6    519
2023  199   7    514
2023  199   8    513
2023  199   9    503
2023  199  10    499
2023  199  11    505
2023  199  12    506
2023  199  13    494
2023  199  14    492
2023  199  15    477
2023  199  16    461
2023  199  17    471
2023  199  18    472
2023  199  19    481
2023  199  20    464
2023  199  21    461
2023  199  22    471
2023  199  23    462
2023  200   0    463
2023  200   1    474
2023  200   2    446
2023  200   3    454
2023  200   4    477
2023  200   5    485
2023  200   6    482
2023  200   7    469
2023  200   8    463
2023  200   9    453
2023  200  10    459
2023  200  11    443
2023  200  12    446
2023  200  13    438
2023  200  14    423
2023  200  15    424
2023  200  16    418
2023  200  17    422
2023  200  18    412
2023  200  19    409
2023  200  20    408
2023  200  21    408
2023  200  22    406
2023  200  23    406
