2023  196   0    383
2023  196   1    389
2023  196   2    433
2023  196   3    377
2023  196   4    426
2023  196   5    380
2023  196   6    418
2023  196   7    402
2023  196   8    392
2023  196   9    363
2023  196  10    396
2023  196  11    393
2023  196  12    497
2023  196  13    370
2023  196  14    381
2023  196  15    460
2023  196  16    398
2023  196  17    404
2023  196  18    465
2023  196  19    402
2023  196  20    365
2023  196  21    467
2023  196  22    394
2023  196  23    385
2023  197   0    364
2023  197   1    364
2023  197   2    432
2023  197   3    386
2023  197   4    391
2023  197   5    360
2023  197   6    362
2023  197   7    389
2023  197   8    370
2023  197   9    366
2023  197  10    366
2023  197  11    362
2023  197  12    374
2023  197  13    426
2023  197  14    451
2023  197  15    453
2023  197  16    404
2023  197  17    453
2023  197  18    433
2023  197  19    507
2023  197  20    443
2023  197  21    nan
2023  197  22    479
2023  197  23    nan
2023  198   0    617
2023  198   1    nan
2023  198   2    nan
2023  198   3    nan
2023  198   4    414
2023  198   5    nan
2023  198   6    nan
2023  198   7    nan
2023  198   8    404
2023  198   9    522
2023  198  10    520
2023  198  11    570
2023  198  12    nan
2023  198  13    nan
2023  198  14    nan
2023  198  15    nan
2023  198  16    462
2023  198  17    528
2023  198  18    437
2023  198  19    454
2023  198  20    358
2023  198  21    491
2023  198  22    nan
2023  198  23    nan
2023  199   0    nan
2023  199   1    629
2023  199   2    637
2023  199   3    515
2023  199   4    624
2023  199   5    685
2023  199   6    622
2023  199   7    553
2023  199   8    592
2023  199   9    544
2023  199  10    501
2023  199  11    470
2023  199  12    409
2023  199  13    464
2023  199  14    482
2023  199  15    425
2023  199  16    446
2023  199  17    423
2023  199  18    462
2023  199  19    466
2023  199  20    449
2023  199  21    nan
2023  199  22    nan
2023  199  23    nan
2023  200   0    438
2023  200   1    437
2023  200   2    410
2023  200   3    447
2023  200   4    nan
2023  200   5    nan
2023  200   6    416
2023  200   7    421
2023  200   8    432
2023  200   9    444
2023  200  10    418
2023  200  11    401
2023  200  12    393
2023  200  13    397
2023  200  14    404
2023  200  15    396
2023  200  16    406
2023  200  17    377
2023  200  18    374
2023  200  19    401
2023  200  20    414
2023  200  21    391
2023  200  22    nan
2023  200  23    389
2023  201   0    nan
