2023  196   0    nan
2023  196   1    nan
2023  196   2    nan
2023  196   3    nan
2023  196   4    nan
2023  196   5    nan
2023  196   6    nan
2023  196   7    nan
2023  196   8    nan
2023  196   9    nan
2023  196  10    nan
2023  196  11    nan
2023  196  12    nan
2023  196  13    nan
2023  196  14    nan
2023  196  15    nan
2023  196  16    nan
2023  196  17    nan
2023  196  18    nan
2023  196  19    nan
2023  196  20    nan
2023  196  21    nan
2023  196  22    nan
2023  196  23    nan
2023  197   0    nan
2023  197   1    nan
2023  197   2    nan
2023  197   3    nan
2023  197   4    nan
2023  197   5    nan
2023  197   6    nan
2023  197   7    nan
2023  197   8    nan
2023  197   9    nan
2023  197  10    nan
2023  197  11    nan
2023  197  12    nan
2023  197  13    nan
2023  197  14    nan
2023  197  15    nan
2023  197  16    nan
2023  197  17    nan
2023  197  18    nan
2023  197  19    nan
2023  197  20    nan
2023  197  21    nan
2023  197  22    nan
2023  197  23    nan
2023  198   0    nan
2023  198   1    nan
2023  198   2    nan
2023  198   3    nan
2023  198   4    nan
2023  198   5    nan
2023  198   6    nan
2023  198   7    nan
2023  198   8    nan
2023  198   9    nan
2023  198  10    nan
2023  198  11    nan
2023  198  12    nan
2023  198  13    nan
2023  198  14    nan
2023  198  15    nan
2023  198  16    nan
2023  198  17    nan
2023  198  18    nan
2023  198  19    nan
2023  198  20    nan
2023  198  21    nan
2023  198  22    nan
2023  198  23    nan
2023  199   0    nan
2023  199   1    nan
2023  199   2    nan
2023  199   3    nan
2023  199   4    nan
2023  199   5    nan
2023  199   6    nan
2023  199   7    nan
2023  199   8    nan
2023  199   9    nan
2023  199  10    nan
2023  199  11    nan
2023  199  12    nan
2023  199  13    nan
2023  199  14    nan
2023  199  15    nan
2023  199  16    nan
2023  199  17    nan
2023  199  18    nan
2023  199  19    nan
2023  199  20    nan
2023  199  21    nan
2023  199  22    nan
2023  199  23    nan
2023  200   0    nan
2023  200   1    nan
2023  200   2    nan
2023  200   3    nan
2023  200   4    nan
2023  200   5    nan
2023  200   6    nan
2023  200   7    nan
2023  200   8    nan
2023  200   9    nan
2023  200  10    nan
2023  200  11    nan
2023  200  12    nan
2023  200  13    nan
2023  200  14    nan
2023  200  15    nan
2023  200  16    nan
2023  200  17    nan
2023  200  18    nan
2023  200  19    nan
2023  200  20    nan
2023  200  21    nan
2023  200  22    nan
2023  200  23    nan
2023  201   0    nan
